NAME	= srtm_43_12
DESCRIPTION	= 
UNIT	= 
DATAFILE_OFFSET	= 0
DATAFORMAT	= SHORTINT
BYTEORDER_BIG	= FALSE
POSITION_XMIN	= 30.0000000000
POSITION_YMIN	= -0.0000000242
CELLCOUNT_X	= 6001
CELLCOUNT_Y	= 6001
CELLSIZE	= 0.0008333333
Z_FACTOR	= 1.000000
Z_OFFSET	= 0.000000
NODATA_VALUE	= -32768.000000
TOPTOBOTTOM	= FALSE
